1073741824
536870912
268435456
134217728
67108864
33554432
16777216
8388608
4194304
2097152
1048576
524288
262144
131072
65536
32768
16384
8192
4096
2048
1024
512
256
128
64
32
16
8
4
2
1
1073741824
1610612736
1342177280
2013265920
1140850688
1711276032
1426063360
2139095040
1077936128
1616904192
1347420160
2021130240
1145307136
1717960704
1431633920
2147450880
1073758208
1610637312
1342197760
2013296640
1140868096
1711302144
1426085120
2139127680
1077952576
1616928864
1347440720
2021161080
1145324612
1717986918
1431655765
1610612736
1207959552
939524096
2046820352
1577058304
914358272
1702887424
1260388352
1046478848
2127036416
1572339712
827981824
1614675968
1216249856
945651712
2050039808
1583374336
919095296
1706571776
1264220672
1044274688
2130622080
1574823296
823225120
1610636896
1207973576
939550136
2046839642
1577074238
914390782
1702911453
