-2147483647
1073741824
536870912
268435456
134217728
67108864
33554432
16777216
8388608
4194304
2097152
1048576
524288
262144
131072
65536
32768
16384
8192
4096
2048
1024
512
256
128
64
32
16
8
4
2
1
-2147483647
-1073741824
-1610612736
-268435456
-2013265920
-872415232
-1442840576
-16777216
-2139095040
-1061158912
-1600126976
-252706816
-2004353024
-859045888
-1431699456
-65536
-2147450880
-1073692672
-1610571776
-268374016
-2013231104
-872363008
-1442797056
-16711936
-2139062144
-1061109568
-1600085856
-252645136
-2004318072
-858993460
-1431655766
-1
-2147483647
-1073741824
1610612736
-1879048192
-402653184
1543503872
-1912602624
-989855744
1753219072
-1665138688
-295698432
1435500544
-2140667904
-1063518208
1626210304
-1873477632
-394231808
1556135936
-1906286592
-980381696
1751705600
-1667474432
-286355968
1431684352
-2147424128
-1073718080
1610649184
-1878997616
-402626456
1543543964
-1912541458
-989833899
-2147483647
-1073741824
536870912
1342177280
-134217728
1946157056
-1577058304
-1828716544
-662700032
624951296
1507852288
-422576128
2013790208
-1274281984
-2113798144
-1023082496
546275328
1363623936
-68542464
1977167872
-1601861632
-1857137664
-605577728
635137280
1484783744
-448790336
2044723232
-1227882416
-2146959112
-1072955276
537002146
1342505107
-2147483647
1073741824
536870912
-1342177280
-134217728
-603979776
2046820352
-1660944384
1518338048
801112064
-1587544064
-256901120
-628621312
1875116032
-2124283904
1085997056
579305472
-1278623744
-77225984
-575483904
2013407232
-1676985344
1510979072
755882752
-1568178048
-204881856
-614096864
1840435376
-2147342088
1074478300
537900666
-1341269091
-2147483647
1073741824
1610612736
805306368
-939524096
603979776
1442840576
-83886080
-528482304
1883242496
-1470103552
338690048
-1631059968
-551288832
-1227489280
-1950679040
1207992320
1677737984
905994240
-889180160
679528448
1413489664
-27240960
-282002688
2118705280
-1352372160
515287136
-1618275280
-691527992
-1155227868
-2133403946
1086045115
-2147483647
-1073741824
-1610612736
-805306368
1476395008
-1811939328
1040187392
-486539264
-1098907648
599785472
505413632
-217055232
1182269440
1736704000
2017853440
-2073624576
-965181440
-1484472320
-666460160
1416089600
-1636247552
864310272
-431579648
-1217973504
553150080
272922560
-127500256
1148698640
1719673080
2009075780
-2145322906
-1072675721
-2147483647
1073741824
-1610612736
1342177280
-2013265920
603979776
301989888
754974720
1988100096
-1639972864
136314880
1678770176
-1306001408
2098462720
-22937600
-1169620992
438599680
1226522624
-994729984
-478965760
-159381504
-566230016
-1474295296
873465088
975702144
1494483520
-324927200
-1756822832
1822721896
-681883164
-862609278
-2023516607
-2147483647
1073741824
-1610612736
1342177280
671088640
-738197504
1778384896
1895825408
947912704
1480589312
-367001600
823132160
-1733820416
139722752
-1037434880
-450560000
-223182848
2034778112
-89907200
-1116532736
413665280
1213465600
1646922240
-1255865088
-625835392
-1387770560
-1868290400
-864872688
539495304
269746564
-2012609374
-2076899823
-2147483647
1073741824
-536870912
-1342177280
-1744830464
-1811939328
-1979711488
1526726656
864026624
-641728512
1914699776
1058013184
-1044905984
-1494482944
1401290752
703922176
171606016
455786496
-745349120
1778348032
-365426688
-1423178752
1269173760
-35321088
1610779008
-267990720
2016733344
605713840
305826616
-819279460
-1181554398
-2097186575
-2147483647
1073741824
-1610612736
268435456
134217728
1811939328
-1644167168
587202560
1468006400
-1379926016
2141192192
-1848639488
1233649664
-824967168
-2012610560
739180544
1041072128
857194496
1605394432
-1040666624
-510818304
-1294482432
504392192
1663611136
-142243712
-1111244096
2008703968
-34098384
-679473672
-306182116
-543161318
-2117072339
-2147483647
1073741824
536870912
805306368
1476395008
-1409286144
-1778384896
721420288
-729808896
155189248
-492830720
1380974592
1311244288
-954466304
1654521856
308740096
1846771712
-147734528
983080960
-1102802944
-130316288
-600980480
-301555200
-1222405376
447221120
-1906569536
-1606546592
1882653104
2017167560
-1674720684
-838424758
-2027710571
-2147483647
-1073741824
-1610612736
1342177280
-134217728
-1946157056
-503316480
855638016
260046848
557842432
-1784676352
1584398336
-670564352
472121344
-1172963328
-281608192
361136128
-1636843520
2015059968
1278513152
1108248576
1661717504
-139630080
-1384934144
2004879232
1832912064
-677379040
1030751792
797446008
-1318843692
-843708550
-2109274409
-2147483647
-1073741824
1610612736
-1879048192
939524096
-1006632960
1107296256
-1560281088
-243269632
-1438646272
-52428800
-2062548992
-536346624
1342963712
1476788224
1409875968
2047049728
1728856064
-1283186688
155856896
225384448
794469376
484953600
-720088832
-1207959424
67109056
570425440
855638160
-914358216
1849688260
-1092616126
638582947
-2147483647
1073741824
536870912
-268435456
-1476395008
1409286144
-1711276032
-1660944384
511705088
1556086784
2099249152
-1928331264
612892672
1908670464
-341704704
1977548800
1805811712
902905856
1269014528
-976039936
-475961344
-1847882752
2041508352
215957760
1730838656
1343569984
436314144
-586297104
1048832168
-1395995564
-718450022
-652373603
-2147483647
-1073741824
536870912
-805306368
-671088640
-1006632960
1174405120
-2063597568
-1518338048
1992294400
-1382023168
1789919232
765984768
-1430519808
229244928
2058420224
-710443008
-1094893568
-1817976832
1001721856
908703744
1299348480
-1685888512
667211520
-1238779776
-1921876800
-1149017568
-138094640
1848227928
1232239620
-41721242
1925502805
-2147483647
1073741824
536870912
-268435456
939524096
335544320
-167772160
1728053248
-1887436800
1346371584
-1969225728
267386880
312999936
-1410072576
-55967744
687538176
-1121353728
196755456
1309073408
856436736
1501960192
-951241728
1026339328
1270008576
1845893248
-1022544832
1636610592
-750597136
-886171464
750335060
-511266090
-1823880297
-2147483647
-1073741824
536870912
-268435456
1744830464
1677721600
905969664
1828716544
1098907648
-532676608
-757071872
-1678770176
216530944
1392246784
1533673472
800260096
-1609793536
805650432
1208475648
-1810919424
1577187328
151950336
2005554688
-1925092608
-1821771648
2075301056
-570403296
-922588176
1468889320
2102121636
-76696042
532609949
-2147483647
1073741824
-1610612736
1342177280
-1744830464
-201326592
-1375731712
-1157627904
-411041792
-1782579200
471859200
-802160640
-609746944
1442054144
-8257536
566296576
304316416
993673216
-1540661248
875622400
1302763520
1257499648
772028928
-83222784
1199904896
-976638912
-2077271392
607842128
1973649432
-285589324
403398670
-1275006741
-2147483647
-1073741824
-536870912
-1342177280
-1207959552
1006632960
-838860800
1090519040
562036736
1371537408
157286400
-2056257536
-227016704
-1902379008
1610743808
1879244800
1476624384
-1945976832
1979899904
2097213440
-276613120
281084928
685803008
-726579456
-82303616
200152512
-1837512224
-23250320
939524104
-67108852
771751950
-251658229
-2147483647
-1073741824
-536870912
-805306368
1744830464
1006632960
-1979711488
1358954496
-1451229184
-574619648
1537212416
969932800
-1778909184
1456734208
167903232
-1862074368
1233354752
230899712
866230272
97579008
536487936
131417088
-1551849984
1287681792
304279168
873703232
-1503922208
1392880464
368574472
-1764491252
-368967666
1090715661
-2147483647
1073741824
1610612736
-805306368
939524096
-1946157056
2113929216
1895825408
-931135488
79691776
463470592
-1150287872
1251475456
-1011089408
-1509818368
1828782080
-293502976
700661760
-1793007616
1118973952
-407242752
219005952
1069097472
286069504
431746688
1007463872
-1757787552
-976257296
974651400
192675844
-1549664250
2003894285
-2147483647
-1073741824
-1610612736
-1879048192
134217728
1677721600
1778384896
-1996488704
-1518338048
-884998144
404750336
-1383071744
-1350041600
1928593408
629276672
188940288
-1205698560
1032994816
-1484251136
385191936
1334028288
-2109660160
497030656
-154047232
-1079492480
-1150867904
-536275424
-256577584
941785096
-40746996
126361610
-2030727159
-2147483647
-1073741824
536870912
-805306368
1207959552
-1946157056
-704643072
956301312
-713031680
843055104
-1298137088
1913651200
1406664704
-2100559872
-880672768
1195573248
-1860141056
-1454161920
2096701440
1318989824
-50767872
-1902124032
-587606528
1587316992
-1795593600
-761284544
1123661664
-342057168
-1753710584
-639680500
635117570
-1412616179
-2147483647
-1073741824
536870912
1342177280
-671088640
-201326592
1040187392
-1795162112
-1887436800
1027604480
-216006656
787480576
-1379401728
168558592
-1960706048
1257439232
1808302080
990724096
-492740608
380686336
694712320
-1111550976
868965888
252454144
-56511360
-743395392
2129357088
1962822960
-18319352
-1258351604
-555000318
-453237499
-2147483647
1073741824
-1610612736
-1342177280
-1744830464
-1543503872
2046820352
-721420288
41943040
1614807040
1373634560
-2005925888
-1943535616
1204027392
199360512
-1385103360
-1230340096
864468992
-1207934976
1409519616
1107519488
-1056861184
-528324096
289607936
694202240
1026651584
-548783456
-1342923248
-701798392
1657115652
828402186
-651030261
-2147483647
-1073741824
-1610612736
805306368
402653184
872415232
-1979711488
-1660944384
1736441856
-2109734912
1088421888
1626341376
-1857552384
692322304
761397248
-1078788096
371884032
-67846144
-456499200
-1039675392
537044992
-268323840
-1207730688
67246336
-1845277824
-1459411008
-310250720
524343312
660613128
-491686900
-777314806
1236715779
-2147483647
1073741824
-536870912
-805306368
134217728
1275068416
33554432
-1258291200
914358272
-1027604480
337641472
122683392
469237760
1345585152
1218576384
-1399783424
-748978176
-1129889792
2079989760
-1070321664
-1600026624
814781440
-648316416
1168472832
1333426304
-1208551104
-2113847840
-184361008
-696121336
314823684
472078862
1263553293
-2147483647
-1073741824
-536870912
1342177280
1744830464
1275068416
1979711488
-150994944
914358272
-683671552
-2015363072
-282066944
-1549271040
-716963840
598343680
356974592
-1012301824
1162231808
-1415045120
155676672
-576063488
-29053952
-349625856
688386304
1825258880
-969650752
-815680736
326310096
-322224760
104091084
794932014
1131616469
-2147483647
1073741824
1610612736
-1879048192
-939524096
1946157056
1375731712
50331648
-343932928
1866465280
1684013056
-621805568
395837440
695992320
-1516634112
-92471296
-434405376
1899970560
410558464
-590442496
-1235097600
-1712153600
-1676130816
-700571392
167401344
1418595008
-1551848992
1531002672
1449285512
1240599236
874162662
842809145
-2147483647
-1073741824
-1610612736
-805306368
-1207959552
67108864
1845493760
-1761607680
-226492416
-306184192
325058560
1552941056
-614989824
837025792
165281792
-869859328
45645824
1152663552
266493952
-430944256
-1699096576
1354042368
2044891648
-1521288448
-1103577216
779606336
-167769376
-2097081648
-2071969912
-1362912948
937585386
575750877
-2147483647
-1073741824
-536870912
805306368
1744830464
-335544320
570425344
721420288
914358272
-1656750080
1780482048
376438784
1307049984
856424448
-1821769728
-2108751872
994672640
-1891647488
673193984
-848269312
-211113984
1917836288
-1286868480
1396599040
1646295680
175194304
-404069088
-1005743888
-269878648
-670138164
1172981038
789438707
-2147483647
-1073741824
536870912
805306368
671088640
-738197504
-1979711488
-16777216
-2071986176
1941962752
320864256
-1028653056
-80216064
907804672
1075445760
-525402112
287473664
431210496
-38264832
1591709696
1975027712
2061478912
-138757632
1641935616
-784826752
958289344
-862214048
2003615408
-1610549624
-268305972
134287970
-469676621
-2147483647
1073741824
-1610612736
1342177280
-1207959552
-2080374784
436207616
-1358954496
-1115684864
-541065216
350224384
1129316352
-633864192
1310457856
1289355264
911015936
694190080
-594526208
1859674112
1565478912
786466816
-61756416
2142772736
1172079360
-96844416
1578984000
1423692640
-498153168
-1956459128
-141504956
-916861590
764365365
-2147483647
1073741824
-536870912
1879048192
134217728
-201326592
-167772160
-1962934272
-914358272
1430257664
1730150400
-202375168
880279552
1464074240
450494464
-1309343744
-1451130880
1698742272
-1893490688
2012352512
-897845248
675675136
626720256
1874229504
119749248
-1007527232
-595923616
-750484784
-455523704
-822647100
-1778142354
-1157567529
-2147483647
1073741824
-536870912
-1879048192
1744830464
-201326592
1644167168
-553648128
2038431744
-583008256
1994391552
753926144
-810024960
1374420992
-925237248
-2074279936
-1686011904
1111703552
-278781952
1639026688
-782751744
-1994609664
1700949504
179374336
719043968
459114176
33637728
251864176
-243133048
-1186829628
2095123310
133414265
-2147483647
-1073741824
1610612736
1342177280
402653184
-603979776
1107296256
922746880
545259520
-247463936
677380096
-1802502144
-2021130240
-1472462848
1433010176
-420544512
-133988352
1275215872
973201408
-1157484544
2055301120
440642560
1256294912
1389566208
-1889000576
-840067264
-92225632
-633081168
719506312
47217484
-1754606170
300800949
-2147483647
-1073741824
536870912
-268435456
-134217728
872415232
1644167168
-184549376
-1468006400
-54525952
-1910505472
1408237568
-948436992
-1787559936
-1207828480
-723189760
-1300201472
-37699584
1688215552
-1439633408
433649664
239350784
-1822793216
-413010688
1702504576
1083260096
-536728032
-790273040
142647160
-859795084
1444938242
-1745820187
-2147483647
-1073741824
-1610612736
-268435456
-134217728
-335544320
2113929216
1627389952
1551892480
-423624704
-576716800
711983104
-1825046528
332136448
-741474304
1937309696
-2086633472
2070986752
-1749508096
-385028096
-2005993472
-737547264
840498688
-277044992
-984155008
1455756992
1163306400
-1765472656
-447296200
1724203724
492197710
-1966782023
-2147483647
-1073741824
536870912
-1342177280
1476395008
738197504
-1711276032
-117440512
1015021568
-1296039936
-1390411776
976224256
-1986527232
1150025728
787087360
1870725120
-283082752
791724032
253239296
-1085493248
-414558208
-881775616
1368922624
-1467205376
-1796596608
645989056
-1952418528
-1309616592
943207320
2088504716
1381124714
1027469633
-2147483647
-1073741824
536870912
-1342177280
-671088640
-1409286144
-1912602624
150994944
-1635778560
-1581252608
-895483904
862978048
-1787297792
140247040
615907328
1781858304
1131970560
1834795008
339091456
1928704000
-816293888
1408003072
-974213632
1088010496
-535378304
-1874473536
1753277600
1958759024
572584952
-2018462308
-1755793386
1072495685
-2147483647
1073741824
-536870912
-268435456
-1476395008
738197504
-1577058304
754974720
-629145600
-113246208
-329252864
45088768
1028128768
-2107899904
2102001664
1650524160
-1916239872
-904118272
-1582637056
1754394624
-1939855360
-1297060864
1967669760
1583144192
2001367680
1667355968
-179777952
509374384
-1756756024
-1822323940
1565047082
844893393
-2147483647
-1073741824
-536870912
805306368
-939524096
2080374784
-2113929216
1325400064
-1098907648
-306184192
559939584
-1418723328
2020081664
1953234944
513409024
-37027840
956858368
790413312
1324539904
-978898944
1838303232
-505955328
1266344448
1216069376
-1132456320
1656775104
2145422176
1991288944
-1861710616
-1558402388
-453901446
-962071429
-2147483647
-1073741824
536870912
268435456
-1744830464
738197504
100663296
-855638016
-1971322880
465567744
-6291456
-1387266048
2063073280
-1277427712
1529741312
522780672
-1655144448
-225656832
131473408
1911885824
-722069504
-630854656
1664001536
-483844864
593015424
59566016
324420000
-1959437232
-1479086472
-1577744100
1828096014
-429542215
-2147483647
1073741824
-1610612736
-1879048192
-1744830464
1409286144
973078528
-1660944384
2122317824
2134900736
387973120
-1420820480
1844969472
-1767636992
-2083389440
1910571008
-1059553280
-520863744
816488448
134582272
-869656576
1850020864
-1484121600
-480948992
30590592
1759640384
-1135045344
-961236400
-83226248
353743076
-227358606
-1309594383
-2147483647
-1073741824
-536870912
-1342177280
134217728
-2080374784
-1308622848
-1191182336
-1098907648
1337982976
1432354816
-118489088
-1406664704
1725169664
-1291190272
-1951072256
-943161344
300204032
-1438457856
-1517178880
-789936128
2021999616
1820381696
-2034185984
65033856
-2093974592
1128853344
-1557871120
329425064
463573012
-1625106198
761396357
-2147483647
-1073741824
1610612736
805306368
2013265920
603979776
-1644167168
1191182336
1736441856
-146800640
-551550976
-1290797056
1902641152
-1941176320
844234752
-439025664
-1437433856
836091904
743628800
1658187776
-1378707456
-157953024
-1955461632
-171601152
1119510912
1037657152
-559890784
-414132400
935874504
-1088644324
-2087051878
164187849
-2147483647
-1073741824
-536870912
-1342177280
2013265920
-1677721600
-301989888
452984832
-880803840
-1019215872
-945815552
84934656
-2006450176
-999030784
576323584
1033961472
878346240
2057420800
-237346816
316764160
-2047207424
1219619840
607319552
-1831471360
1166032256
-1472187328
-1809810912
-363794096
-641199544
1180992804
-1884141550
563422341
-2147483647
1073741824
1610612736
268435456
1476395008
2080374784
-1040187392
-520093696
226492416
-675282944
715128832
-181403648
-1683488768
-1057751040
549847040
1882128384
1214676992
606027776
-1102127104
590041088
-332875776
-634115072
-35194368
-538997504
1861097344
1528498880
-536869600
1342215152
939558024
1811975684
-1711273010
-1660888853
-2147483647
1073741824
536870912
805306368
-1207959552
-1409286144
1912602624
-1325400064
58720256
-759169024
-1050673152
-1685061632
1313341440
192151552
-2041708544
1057685504
1745256448
1149190144
1984471040
-411799552
-733046784
-1106535424
-746173952
985619712
-987180672
-840690752
-1719248160
1740625232
-1800878808
-1641755164
-479815290
-2098239553
-2147483647
-1073741824
-536870912
1879048192
-2013265920
1140850688
1241513984
1191182336
-578813952
1111490560
-1021313024
1997537280
1974992896
-1771307008
1901985792
-57344000
-1494843392
-637943808
674783232
338472960
1384015872
-75156480
1532903936
194364160
325515136
-1346783936
689501856
1614594384
-1337551720
1755943548
882940774
-1034884167
-2147483647
-1073741824
536870912
1342177280
-671088640
-67108864
-167772160
-721420288
-1082130432
742391808
-287309824
158334976
419954688
560201728
-1385562112
-753729536
578977792
-1761099776
-1730109440
477138944
-2037843968
1562684416
-1685443072
644032768
-846542464
1667447104
-1978994336
-484199120
1256886248
-1017953260
442645090
460802935
-2147483647
1073741824
1610612736
1342177280
1476395008
-1409286144
1778384896
-2063597568
-75497472
-1463812096
-2078277632
-1372585984
1258815488
-529268736
277217280
948895744
-64061440
839598080
696311808
-1849683968
765474816
2146499584
111686144
-813422336
1311674752
1527459264
-671023200
-335526160
167817000
-721412540
-1551891570
79721723
-2147483647
-1073741824
-1610612736
1342177280
-402653184
1140850688
1577058304
-1392508928
-276824064
1749024768
-2074083328
-28311552
-47710208
133431296
744620032
-632356864
1392934912
316653568
1870667776
-1472188416
610281472
-1370483712
354957824
1140068608
1919031168
2001677120
-1132020768
2057296400
-337641192
1443893140
-649586870
-1448864259
-2147483647
-1073741824
1610612736
-1342177280
402653184
67108864
-637534208
150994944
578813952
-398458880
-1134559232
238026752
2069364736
931921920
348258304
-2024996864
-1714126848
-1078378496
411049984
-1858064384
-421521408
1383083008
87557632
884736256
-1759889792
1367409216
334923936
-561743344
1181519640
390427532
-1845877034
1945178595
-2147483647
1073741824
536870912
1342177280
-2013265920
-1677721600
771751936
83886080
-1417674752
473956352
1847590912
621805568
-72876032
-1811677184
-227672064
185008128
-22380544
1070710784
-299884544
1695551488
-609744896
-1006365696
2054038016
-1761138944
-794129536
986825024
1168116448
2035291920
-1249373304
-518775484
-2117722902
50528769
-2147483647
-1073741824
536870912
1342177280
-939524096
1006632960
1040187392
1728053248
-109051904
-868220928
1717567488
-1290797056
-1415053312
1562640384
-989986816
-1194393600
1723564032
1906884608
274735104
672149504
1277691904
-1503390720
-1826737664
-73462016
-1787588736
-123938368
-2034885024
29033232
-2012376680
-602670908
1315813610
-16521143
-2147483647
1073741824
536870912
-1342177280
1476395008
1140850688
2113929216
1761607680
1535115264
-599785472
1512046592
-2028994560
-623378432
-1679032320
-1136525312
-904986624
1870430208
-958808064
-1583341568
-1420816384
-117962752
-386126848
1083840000
2095255808
-155279488
-1181296064
-813910304
920250128
-643809656
1599086020
-554161994
-973333509
-2147483647
1073741824
-1610612736
-1342177280
1207959552
1946157056
-1040187392
-419430400
-1249902592
-1170210816
-1692401664
-1546649600
790102016
-2122055680
-668336128
-870776832
1577549824
-516374528
-661118976
-1664872448
1451894784
1703488512
-1572892160
-1217602304
-307621760
911813056
1697088864
-219626864
-1082125112
1765811700
1285559110
1318073761
-2147483647
1073741824
-1610612736
-268435456
-1744830464
-1275068416
1375731712
117440512
-1082130432
1514143744
991952896
-1848639488
-751304704
-34865152
-1790312448
1492189184
-1243643904
152944640
-2034753536
-1532227584
2078943232
-798934016
675784192
-1939739392
376059008
-853470784
216500192
-1208882544
1718749384
354228596
412452942
367837883
-2147483647
-1073741824
-536870912
1879048192
-134217728
1275068416
-1509949440
-1996488704
1853882368
440401920
392167424
1274019840
-1560805376
2086404096
2117468160
1427832832
1082163200
657276928
-1818746880
2125213696
1380857856
1124539392
-774455808
1975931648
-673150592
-1394781632
-782236768
1928342160
-730332200
1511792124
928399166
-605344169
-2147483647
1073741824
536870912
805306368
-1207959552
1006632960
-570425344
-553648128
696254464
843055104
-383778816
1653604352
1909981184
1580990464
-1624375296
166133760
40599552
1366736896
1593319424
-1347678208
-2122971136
-1231352832
1004908032
-348008704
871077760
792127424
-237493664
507252880
-1087497144
971447204
-1167358474
1836511055
-2147483647
1073741824
-1610612736
-805306368
-134217728
1006632960
1845493760
419430400
1350565888
-901775360
2065694720
-1345323008
-1750597632
1268514816
1437466624
1693384704
-265781248
1750220800
1678254080
-2113138688
-1893324800
1973629952
-189874688
-1470017792
-2077312128
-232696256
-1492214752
-1309583728
-1499027256
-546488076
-846690198
1757577127
-2147483647
1073741824
1610612736
-805306368
-939524096
-1140850688
1308622848
1459617792
-2139095040
171966464
-48234496
-1917845504
-5767168
-1501298688
286130176
1272905728
1960280064
-1200472064
-2079842304
-1972105216
-1123674112
-307547136
802271744
1859743488
-1386630272
99435968
603953184
951477904
-1910098616
1998268524
821659242
303916897
-2147483647
1073741824
536870912
-1342177280
-1476395008
-738197504
-100663296
-117440512
-1837105152
423624704
1117782016
558891008
-1896349696
-1492910080
1502740480
922288128
724467712
-3129344
1368530944
318312448
1496221696
1657826304
-1861088768
649667840
1930344064
-1547677120
-808833376
-1179835568
-423320024
325933588
864980254
-679458159
-2147483647
1073741824
-536870912
-1342177280
1476395008
469762048
1912602624
1325400064
-1585446912
2000683008
1302331392
-1120927744
-1359478784
916193280
-1967783936
-1467678720
266436608
-368197632
-214556672
-2084237312
-800999424
-1472336896
-1538378240
-568781056
1700242560
-225902656
-1529373088
1976093392
1366792168
1694023820
-712012322
23391095
-2147483647
1073741824
-1610612736
1342177280
-2013265920
872415232
-1577058304
50331648
1098907648
-146800640
60817408
68157440
-1710751744
1326710784
263323648
-363528192
-683966464
329367552
739385344
-29028352
1697884160
951440384
161481216
588258560
1367867520
-548137792
1737634400
772092112
-1391220632
-1394228796
-74967326
-1470874091
-2147483647
1073741824
-536870912
-805306368
-1207959552
469762048
-2113929216
-83886080
-310378496
-2025848832
-6291456
607125504
-565706752
-1725169664
-958005248
-757268480
1687388160
1504165888
21372928
-1427304448
-656689152
-343149568
-1843393024
-479193344
-1041753984
1830554304
-1599204000
1475421904
544579432
1887107020
-2007651086
1946867611
-2147483647
-1073741824
-1610612736
268435456
1207959552
-1409286144
100663296
-1795162112
92274688
-918552576
1004535808
135266304
-865599488
-1233911808
-849477632
-509149184
1667006464
-1461600256
-1732370432
12005376
1152690176
-19545088
629158400
423631616
-740284032
-1274011328
-2107108512
-1888216752
-824307848
-1108924604
1564258938
1773264845
-2147483647
1073741824
1610612736
-805306368
-134217728
872415232
436207616
-16777216
-209715200
-1824522240
765460480
1047527424
1028128768
-1999896576
1387397120
-1919877120
-835354624
1963769856
-1802362880
-2069819392
1558026240
-659491840
-353886720
-641983232
75112064
1914506176
1395098336
233695696
-1905283608
354541660
1155369906
2091967203
-2147483647
-1073741824
1610612736
268435456
671088640
-67108864
-1308622848
1526726656
1065353216
2134900736
-1981808640
577765376
-1285029888
-1549533184
-583663616
-89325568
-509378560
2121187328
1901469696
-1063440384
917215232
-872758272
-2123879936
950275840
-2101988224
-1779625280
1078167008
-1608589104
1883123448
943271516
-736249030
1310192441
-2147483647
1073741824
1610612736
805306368
134217728
1275068416
-167772160
2130706432
1988100096
423624704
295698432
2079326208
-1963458560
-1487667200
1118699520
-887685120
-458915840
-1944961024
-698998784
792924160
1317771264
1564822528
-1412193792
-220118272
-2096790144
-924695616
1244538784
-1588131504
361079784
-1583194564
864952478
-1498991803
-2147483647
1073741824
-1610612736
1879048192
-1207959552
2080374784
1241513984
-218103808
-1870659584
-2126512128
1604321280
-74448896
1574436864
-1930690560
1530265600
-995033088
-550273024
1385644032
376315904
-1994584064
2074454016
498490368
746950144
728125184
2096994944
-1558548288
412320288
-452496560
431367016
-84864732
1108584406
-683180885
-2147483647
1073741824
-1610612736
-1342177280
-2013265920
-738197504
-369098752
-1224736768
-176160768
-1522532352
-23068672
2123366400
1052246016
-1628176384
780271616
-1495728128
1922924544
-1731608576
800727040
-630386688
2134878208
-2118063104
-12615168
-1044323072
1598009984
1908462016
-683698336
-1514086320
1027583784
314637156
-926965170
-1216288211
-2147483647
1073741824
536870912
1342177280
134217728
872415232
436207616
-788529152
-1400897536
1463812096
1134559232
416284672
222822400
-1296826368
-463339520
1375797248
-983138304
-420921344
-1911939072
-618328064
1441564672
-1618193408
113680896
-1103536896
-1555943808
965816384
-1181834976
-108180272
-643812248
-1982845068
-2117589262
-1242293955
-2147483647
1073741824
1610612736
-268435456
134217728
-469762048
-436207616
117440512
276824064
2101346304
1570766848
149946368
555220992
932446208
-33947648
-655425536
-1188724736
736182272
-138272768
-573894656
1223137280
1093303296
-945446400
-173971200
1021444480
1601908160
752852512
-418489776
-1595437848
355101436
1235586534
-425623691
-2147483647
-1073741824
536870912
-1342177280
939524096
-1409286144
-1577058304
-822083584
1468006400
801112064
1671430144
1370488832
384303104
-713818112
-186515456
-99418112
860127232
1573339136
-993746944
34041856
-1083922432
1337416704
864855552
-104630528
854494848
-485473088
898243424
-1062793424
-2079939704
1180986204
-647492046
649331201
-2147483647
-1073741824
536870912
268435456
2013265920
1811939328
2113929216
-16777216
411041792
-1061158912
2090860544
1521483776
-642252800
-956039168
-1796079616
-1897070592
-337477632
1450622976
191012864
985067520
700622848
-1895369728
-1862617600
-456986880
111716736
-811609920
745680800
-1641209616
-817721208
1892075100
-723874074
1857209245
-2147483647
-1073741824
-1610612736
805306368
-671088640
-201326592
-771751936
-1426063360
-1736441856
-1866465280
-325058560
-2098200576
-404226048
704905216
-1354891264
850853888
-884736
2118565888
1299357696
1099362304
-1823307776
1018625024
177913344
1535295744
-462648704
-100537408
661138592
-1899753488
832452488
726081356
1486530162
813881805
-2147483647
1073741824
-1610612736
805306368
134217728
201326592
1912602624
-117440512
1249902592
-2034237440
350224384
2108686336
254279680
-1913913344
-418775040
293797888
-1386774528
-320946176
-1716019200
-512831488
1050642432
1350753280
-1550480896
-1274945792
910300800
656351552
-241851360
1023529200
-725473000
-1646324836
-1619681070
-1246629913
-2147483647
1073741824
1610612736
1342177280
671088640
-469762048
503316480
218103808
1333788672
62914560
-1176502272
-892338176
-663224320
-1137967104
-495058944
-1891565568
-1863352320
-1155776512
-426795008
839667712
-417875968
351290368
-183389696
-1013089024
-1719650944
-88064448
-1604319648
1880108720
404238360
-1673787388
-765064186
-142795249
-2147483647
1073741824
536870912
-1342177280
939524096
738197504
-771751936
-1929379840
1887436800
348127232
-1293942784
1374683136
-165150720
192151552
599916544
-1954873344
1669693440
-1420705792
-739926016
-1822306304
-5396480
1093008384
1923589632
836433664
1715999360
-2092690368
931802784
1967063408
1016039960
1454307596
-1215686254
893329617
-2147483647
-1073741824
1610612736
1342177280
-671088640
-335544320
-234881024
1694498816
-2021654528
96468992
1218445312
-888143872
1492647936
-1288437760
-2066612224
-921501696
-705331200
1351892992
1192075264
-90148864
241154048
-277650432
1049234944
-130605312
476025472
443774528
17435488
1106711344
2130679624
1482915572
745681910
-1845291911
-2147483647
-1073741824
-1610612736
-1879048192
1476395008
-1006632960
1711276032
989855744
964689920
-675282944
278921216
-1150287872
-101187584
2012479488
-2136604672
-485687296
1035239424
298205184
-1144217600
-621645824
-364214272
21976064
10886656
588064000
-1649105024
-2117706816
-473128480
519207472
-1941267512
978272748
958802486
-187882543
-2147483647
1073741824
-536870912
268435456
-1207959552
-1275068416
-100663296
1191182336
-780140544
532676608
-488636416
-1810890752
1247281152
254017536
-846331904
-373620736
-337346560
-123322368
-1017339904
596791296
-1534420992
-720546816
987772416
1880111360
-396875648
-333170496
1577985248
91962160
579121752
880177972
-1167802802
-1486458563
-2147483647
1073741824
1610612736
1342177280
-1207959552
335544320
-771751936
1828716544
629145600
1941962752
1423966208
944766976
1412956160
-1304166400
1031667712
-1648427008
1737850880
-2035466240
1431150592
1907970048
-1047808000
1770144768
-1518332416
868221184
887095936
1750075968
-331869216
-1505492304
-276944680
-255915612
1108707670
-177373579
-2147483647
1073741824
-536870912
-268435456
939524096
738197504
-2046820352
2030043136
-494927872
-658505728
-1344274432
-1072693248
-1607991296
269746176
-932052992
340328448
-1435926528
-15810560
-1683906560
973787136
2004588544
1872227328
1610618368
-1342167296
-671082624
-603969216
-1107290336
1426072432
1686123224
-1581246348
1298152274
416285233
-2147483647
-1073741824
-536870912
805306368
1207959552
872415232
1040187392
452984832
-528482304
-490733568
-744488960
-967835648
-1492647936
181141504
-135921664
1610678272
-266829824
-1475690496
70295552
1985409024
796825600
-557057024
-108525056
856436992
616965504
1955661760
-860838496
1352070000
1792975688
127664100
-939508470
-201312361
-2147483647
-1073741824
536870912
-268435456
-1744830464
-1677721600
1308622848
1493172224
125829120
-574619648
-559939584
439353344
587726848
883163136
-1590034432
-1950023680
-610959360
1943027712
1472045056
1971613696
-89151488
940919808
-1406661120
-162256128
890387840
-779023040
411546720
-1757329872
-1631975992
-100329540
-214583670
1558200533
-2147483647
1073741824
536870912
268435456
134217728
-2080374784
-1845493760
-1862270976
-1115684864
-1933574144
1633681408
-978321408
819462144
1869348864
1257635840
173211648
1563262976
-1950334976
-1612996608
1167282176
1895180288
1330844672
1521322496
33580288
-650410368
434328896
248390624
-129035408
-60572360
776959836
-1621617938
850149367
-2147483647
-1073741824
536870912
-268435456
2013265920
-1409286144
973078528
218103808
-243269632
1824522240
-182452224
-1645215744
1990721536
140771328
337248256
-1239220224
-950042624
-2070659072
826646528
-1548259328
1704601600
451087360
310351360
-379300096
1072541824
131291200
1266686688
-1581247376
614471464
19934028
-74960798
966004005
-2147483647
1073741824
-536870912
805306368
-1744830464
1811939328
-1442840576
-2097152000
-679477248
-1061158912
-1587544064
818937856
-1725431808
-1930166272
-1689649152
-69533696
-1964474368
308559872
2135072768
900681728
-2015225856
686758912
-1253925376
-961587456
677522560
-1271977024
639805280
427777264
-859169864
2065381124
-880239470
313803721
-2147483647
-1073741824
1610612736
805306368
671088640
-1946157056
771751936
-1023410176
-1367343104
2042626048
-1658847232
-439353344
191365120
-756285440
530710528
-496435200
1295155200
1037615104
-818896896
1084354560
-624281600
59063296
-1273982464
443674368
421667200
-676781120
-1642940384
722002608
1121494760
1737356292
1984435730
-952368881
-2147483647
-1073741824
1610612736
1879048192
1207959552
1811939328
1308622848
989855744
-1803550720
-1044381696
-1105199104
-1286602752
-1735917568
-2359296
-852361216
1270939648
393379840
2058076160
-355950592
313978880
1451767808
81538048
967969280
-100595968
-514686592
-1510222400
1010865824
-697643344
255472296
-1898106716
-1864334422
872076323
-2147483647
1073741824
1610612736
-1879048192
1476395008
1140850688
436207616
-251658240
1317011456
-171966464
845152256
1024458752
687341568
-895221760
-806486016
863961088
-1146257408
-1052000256
-1497653248
428920832
-1535625216
-899402752
-921825792
-1699793664
-1212837760
-2025853632
1775088928
744214832
-1237080264
120899124
697706662
1276844269
-2147483647
-1073741824
-536870912
-268435456
-939524096
-469762048
1107296256
-1124073472
1786773504
96468992
706740224
-1995440128
-259522560
1692139520
783679488
-1753022464
1331134464
1072152576
-1687576576
1438183424
839391232
-1256453120
1855326720
-1215101696
1600103040
133944896
-1216370144
-202645968
-847804376
1660415796
31562922
-1738224013
-2147483647
1073741824
-536870912
268435456
1207959552
-603979776
-1845493760
1392508928
1820327936
-2051014656
912261120
-447741952
-906493952
-1402208256
-1972764672
660013056
854097920
217825280
-704995328
-1644113920
689444864
335287296
594684416
1957376768
-241518976
1750131648
1818238880
709895600
-679989576
1789664292
-1735774746
-1681447601
-2147483647
-1073741824
1610612736
-805306368
-1744830464
1811939328
771751936
1895825408
2088763392
-339738624
-769654784
1733296128
-774373376
-245104640
-1130758144
-1949237248
40337408
-15024128
-1113219072
-546312192
-839370752
-147586048
-373146112
762654464
-623006336
245090112
1016738976
1271994032
1650963368
790288164
631604990
-1284518259
-2147483647
-1073741824
-1610612736
805306368
-1207959552
-1409286144
100663296
-50331648
-276824064
-121634816
-1944059904
-164626432
-448266240
1942224896
1187643392
-579534848
533561344
-528400384
275750912
1207988224
-1272969216
-1708114944
1128793600
-1094441216
290074496
-1984621504
-1779582368
-340704912
447199464
-1023118404
2127172186
-1317724803
-2147483647
1073741824
-1610612736
1342177280
1476395008
335544320
1509949440
1962934272
1820327936
-2017460224
-597688320
-160432128
-881328128
1266941952
-765067264
2030501888
-2100854784
-119226368
-1648779264
152555520
-891287552
347079680
-2087174656
2117341440
-948043648
-1510795200
-1386639968
950533296
2113408056
-112980884
-1031393850
1488403325